%**************************************************************
%  SUBROUTINE DefineCyclo - A DESCRIPTION
%
%  This subroutine defines each of the 104 cyclotomic
%  polynomials as derived using their properties.  For instance, 
%  C(8) is 1 + z^(-4) and is represented by the vector [1 0 0 0 1].
%  The vector L is a vector of lengths,i.e. L(k) is the length 
%  of the kth cyclotomic polynomial impulse response, so L(8)=5.
%                     
%***************************************************************
C(1,:)=[1 -1 zeros(3:105)];L(1)=2;
C(2,:)=[1 1 zeros(3:105)];L(2)=2;
C(3,:)=[1 1 1 zeros(4:105)];L(3)=3;
C(4,:)=[1 0 1 zeros(4:105)];L(4)=3;
C(5,:)=[ones(1:5) zeros(6:105)];L(5)=5;
C(6,:)=[1 -1 1 zeros(4:105)];L(6)=3;
C(7,:)=[ones(1:7) zeros(8:105)];L(7)=7;
C(8,:)=[1 0 0 0 1 zeros(6:105)];L(8)=5;
C(9,:)=[1 0 0 1 0 0 1 zeros(8:105)];L(9)=7;
C(10,:)=[1 -1 1 -1 1 zeros(6:105)];L(10)=5;
C(11,:)=[ones(1:11) zeros(12:105)];L(11)=11;
C(12,:)=[1 0 -1 0 1 zeros(6:105)];L(12)=5;
C(13,:)=[ones(1:13) zeros(14:105)];L(13)=13;
C(14,:)=[1 -1 1 -1 1 -1 1 zeros(8:105)];L(14)=7;
C(15,:)=[1 -1 0 1 -1 1 0 -1 1 zeros(10:105)];L(15)=9;
C(16,:)=[1 0 0 0 0 0 0 0 1 zeros(10:105)];L(16)=9;
C(17,:)=[ones(1:17) zeros(18:105)];L(17)=17;
C(18,:)=[1 0 0 -1 0 0 1 zeros(8:105)];L(18)=7;
C(19,:)=[ones(1:19) zeros(20:105)];L(19)=19;
C(20,:)=[1 0 -1 0 1 0 -1 0 1 zeros(10:105)];L(20)=9;
C(21,:)=[1 -1 0 1 -1 0 1 0 -1 1 0 -1 1 zeros(14:105)];L(21)=13;
C(22,:)=[1 -1 1 -1 1 -1 1 -1 1 -1 1 zeros(12:105)];L(22)=11;
C(23,:)=[ones(1:23) zeros(24:105)];L(23)=23;
C(24,:)=[1 0 0 0 -1 0 0 0 1 zeros(10:105)];L(24)=9;
C(25,:)=[1 0 0 0 0 1 0 0 0 0 1 0 0 0 0 1 0 0 0 0 1 zeros(22:105)];
        L(25)=21;
C(26,:)=[1 -1 1 -1 1 -1 1 -1 1 -1 1 -1 1 zeros(14:105)];L(26)=13;
C(27,:)=[1 0 0 0 0 0 0 0 0 1 0 0 0 0 0 0 0 0 1 zeros(20:105)];L(27)=19;
C(28,:)=[1 0 -1 0 1 0 -1 0 1 0 -1 0 1 zeros(14:105)];L(28)=13;
C(29,:)=[ones(1:29) zeros(30:105)];L(29)=29;
C(30,:)=[1 1 0 -1 -1 -1  0  1  1 zeros(10:105)];L(30)=9;
C(31,:)=[ones(1:31) zeros(32:105)];L(31)=31;
C(32,:)=[1 0 0 0 0 0 0 0 0 0 0 0 0 0 0 0 1 zeros(18:105)];L(32)=17;
C(33,:)=[1 -1 0 1 -1 0 1 -1 0  1 -1 1 0 -1 1 0 -1 1 0 -1 1 zeros(22:105)];
        L(33)=21;
C(34,:)=[1 -1 1 -1 1 -1 1 -1 1 -1 1 -1 1 -1 1 -1 1 zeros(18:105)];L(34)=17;
C(35,:)=[1 -1 0 0 0 1 -1 1 -1 0 1 -1 1 -1 1 0 -1 1 -1 1 0 0 0 -1 1         zeros(26:105)]; L(35)=25;
C(36,:)=[1 0 0 0 0 0 -1 0 0 0 0 0 1 zeros(14:105)];L(36)=13;
C(37,:)=[ones(1:37) zeros(38:105)];L(37)=37;
C(38,:)=[1 -1 1 -1 1 -1 1 -1 1 -1 1 -1 1 -1 1 -1 1 -1 1 zeros(20:105)];
        L(38)=19;
C(39,:)=[1 -1 0 1 -1 0 1 -1 0 1 -1 0 1 0 -1 1 0 -1 1 0 -1 1 0 -1          1 zeros(26:105)];L(39)=25;
C(40,:)=[1 0 0 0 -1 0 0 0 1 0 0 0 -1 0 0 0 1 zeros(18:105)];L(40)=17;
C(41,:)=[ones(1:41) zeros(42:105)];L(41)=41;
C(42,:)=[1 -1 1 -1 1 -1 1 -1 1 -1 1 -1 1 -1 1 -1 1 -1 1 -1 1 zeros(22:105)];
        L(42)=21;
C(43,:)=[ones(1:43) zeros(44:105)];L(43)=43;
C(44,:)=[1 0 -1 0 1 0 -1 0 1 0 -1 0 1 0 -1 0 1 0 -1 0 1 zeros(22:105)];
        L(44)=21;
C(45,:)=[1 0 0 -1 0 0 0 0 0 1 0 0 -1 0 0 1 0 0 0 0 0 -1 0 0 1 zeros(26:105)];
        L(45)=25;
C(46,:)=[1 -1 1 -1 1 -1 1 -1 1 -1 1 -1 1 -1 1 -1 1 -1 1 -1 1 -1 1         zeros(24:105)];L(46)=23;
C(47,:)=[ones(1:47) zeros(48:105)];L(47)=47;
C(48,:)=[1 0 0 0 0 0 0 0 -1 0 0 0 0 0 0 0 1 zeros(18:105)];L(48)=17;
C(49,:)=[1 0 0 0 0 0 0 1 0 0 0 0 0 0 1 0 0 0 0 0 0 1          0 0 0 0 0 0 1 0 0 0 0 0 0 1 0 0 0 0 0 0 1 zeros(44:105)];
        L(49)=43;
C(50,:)=[1 0 0 0 0 -1 0 0 0 0 1 0 0 0 0 -1 0 0 0 0 1 zeros(22:105)];
        L(50)=21;
C(51,:)=[ 1 -1 0 1 -1 0 1 -1 0 1 -1 0 1 -1 0 1 -1 1 0 -1 1 0 -1 1          0 -1  1  0 -1 1 0 -1 1 zeros(34:105)];
         L(51)=33;
C(52,:)=[1 0 -1 0 1 0 -1 0 1 0 -1 0 1 0 -1 0 1 0 -1 0 1 0 -1 0 1 ...
         zeros(26:105)];
         L(52)=25;
C(53,:)=[ones(1:53) zeros(54:105)];L(53)=53;
C(54,:)=[1 0 0 0 0 0 0 0 0 -1 0 0 0 0 0 0 0 0 1 zeros(20:105)];
         L(54)=19;
C(55,:)=[1 -1 0 0 0 1 -1 0 0 0 1 0 -1 0 0 1 0 -1 0 0 1 0 0 -1 ...
         0 1 0 0 -1 0 1 0 0 0 -1 1 0 0 0 -1 1 zeros(42:105)];
         L(55)=41;
C(56,:)=[1 0 0 0 -1 0 0 0 1 0 0 0 -1 0 0 0 1 0 0 0 -1 0 0 0 1 zeros(26:105)];
         L(56)=25;
C(57,:)=[1 -1  0  1 -1  0  1 -1  0  1 -1  0 1 -1  0  1 -1  0  1  0 -1 ...
         1  0  -1 1  0 -1  1  0 -1  1  0 -1  1  0 -1 1 zeros(38:105)];
         L(57)=37;
C(58,:)=[1 -1 1 -1 1 -1 1 -1 1 -1 1 -1 1 -1 1 -1 1 -1 1 -1 1 -1 ...
         1 -1 1 -1 1 -1 1 zeros(30:105)];L(58)=29;
C(59,:)=[ones(1:59) zeros(60:105)];L(59)=59;
C(60,:)=[1 0 1 0 0 0 -1 0 -1 0 -1 0 0 0 1 0 1 zeros(18:105)];L(60)=17;
C(61,:)=[ones(1:61) zeros(62:105)];L(61)=61;
C(62,:)=[1 -1 1 -1 1 -1 1 -1 1 -1 1 -1 1 -1 1 -1 1 -1 1 -1 1 -1 ...
         1 -1 1 -1 1 -1 1 -1 1 zeros(32:105)];L(62)=31;
C(63,:)=[1 0 0 -1 0 0 0 0 0 1 0 0 -1 0 0 0 0 0 1 0 0 0 0 0 -1 ...
         0 0 1 0 0 0 0 0 -1 0 0 1 zeros(38:105)];L(63)=37;
C(64,:)=[1 zeros(1:31) 1 zeros(34:105)];L(64)=33;
C(65,:)=[1 -1 0 0 0 1 -1 0 0 0 1 -1 ...
         0 1 -1 1 -1 0 1 -1 1 -1  0 1 ...
        -1 1 0 -1 1 -1 1 0 -1 1 -1 1 ...
         0 -1 1 0 0 0 -1 1 0 0 0 -1 ...
         1  zeros(50:105)];L(65)=49;

C(66,:)=[1 1 0 -1 -1 0 1 1 0 -1 -1 -1 ...
         0 1 1 0 -1 -1 0 1 1  zeros(22:105)];L(66)=21;
C(67,:)=[ones(1:67) zeros(68:105)];L(67)=67;
C(68,:)=[1 0 -1 0 1 0 -1 0 1 0 -1 0 1 0 -1 0 1 0 -1 0 1 0 -1 ...
         0 1 0 -1 0 1 0 -1 0 1 zeros(34:105)];L(68)=33;
C(69,:)=[1 -1 0 1 -1 0 1 -1 0 1 -1 0 ...
         1 -1 0 1 -1 0 1 -1 0  1 -1 1 ...
         0 -1 1 0 -1 1 0 -1 1 0 -1 1 ...
         0 -1 1 0 -1 1 0 -1 1 zeros(46:105)];L(69)=45;

C(70,:)=[1 1 0 0 0 -1 -1 -1 -1 0 1 1 ...
         1 1 1 0 -1 -1 -1 -1 0 0 0 1 ...
         1 zeros(26:105)];L(70)=25;
C(71,:)=[ones(1:71) zeros(72:105)];L(71)=71;
C(72,:)=[1 zeros(1:11) -1 zeros(1:11) 1 zeros(26:105)];L(72)=25;
C(73,:)=[ones(1:73) zeros(74:105)];L(73)=73;
C(74,:)=[1 -1 1 -1 1 -1 1 -1 1 -1 1 -1 1 -1 1 -1 1 -1 1 -1 1 -1 1 -1 1 -1 ...
         1 -1 1 -1 1 -1 1 -1 1 -1 1 zeros(38:105)];L(74)=37;
C(75,:)=[1 0 0 0 0 -1 0 0 0 0 0 0 0 0 0 1 0 0 0 0 -1 0 0 0 0 1 0 0 0 0 0 ...
         0 0 0 0 -1 0 0 0 0 1 zeros(42:105)];L(75)=41;
C(76,:)=[1 0 -1 0 1 0 -1 0 1 0 -1 0 1 0 -1 0 1 0 -1 0 1 0 -1 0 1 0 -1 0 ...
         1 0 -1 0 1 0 -1 0 1 zeros(38:105)];L(76)=37;
C(77,:)=[1 -1 0 0 0 0 0 1 -1  0  0  1 ...
        -1 0 1 -1 0 0 1 -1 0 1 0 -1 ...
         0 1 -1 0 1 0 -1 0 1 0 -1 1 ...
         0 -1 0  1  0 -1 1 0 0 -1 1 0 ...
        -1 1 0 0 -1 1 0 0 0 0 0 -1 ...
         1 zeros(62:105)];L(77)=61;

C(78,:)=[1 1 0 -1 -1 0 1 1 0 -1 -1 0 1 0 -1 -1 0 1 1 0 -1 -1 0 1 ...
         1 zeros(26:105)];L(78)=25;
C(79,:)=[ones(1:79) zeros(80:105)];L(79)=79;
C(80,:)=[1 0 0 0 0 0 0 0 -1 0 0 0 0 0 0 0 1 0 0 0 0 0 0 0 ...
        -1 0 0 0 0 0 0 0 1 zeros(34:105)];L(80)=33;
C(81,:)=[1 0 0 0 0 0 0 0 0 0 0 0 0 0 0 0 0 0 0 0 0 0 0 0 0 0 0 1 0 0 ...
         0 0 0 0 0 0 0 0 0 0 0 0 0 0 0 0 0 0 0 0 0 0 0 0 1 zeros(56:105)];
        L(81)=55;
C(82,:)=[1 -1 1 -1 1 -1 1 -1 1 -1 1 -1 1 -1 1 -1 1 -1 1 -1 1 -1 1 -1 ...
         1 -1 1 -1 1 -1 1 -1 1 -1 1 -1 1 -1 1 -1 1 zeros(42:105)];
         L(82)=41;        
C(83,:)=[ones(1:83) zeros(84:105)];L(83)=83;
C(84,:)=[1 0 -1 0 1 0 -1 0 1 0 -1 0 ...
         1 0 -1 0 1 0 -1 0 1 0 -1 0 ...
         1 0 -1 0 1 0 -1 0 1 0 -1 0 ...
         1 0 -1 0 1 zeros(42:105)];L(84)=41;
C(85,:)=[1 -1 0 0 0 1 -1 0 0 0 1 -1 ...
         0 0 0 1 -1 1 -1 0 1 -1 1 -1 ...
         0 1 -1 1 -1 0 1 -1 1 -1 1 0 ...
        -1 1 -1 1 0 -1 1 -1 1 0 -1 1 ...
        -1 1 0 0 0 -1 1 0 0 0 -1 1 ...
         0 0 0 -1 1 zeros(66:105)];L(85)=65;
C(86,:)=[1 -1 1 -1 1 -1 1 -1 1 -1 1 -1 1 -1 1 -1 1 -1 1 -1 1 -1 1 -1 1 -1 1 ...
         -1 1 -1 1 -1 1 -1 1 -1 1 -1 1 -1 1 -1 1 zeros(44:105)];
         L(86)=43;
